ward,precinct,total,RICHARD J. DANIELS,RICHARD J. DANIELS Percent
0101,1,1,4,4,100.0
0102,1,2,9,9,100.0
0103,1,3,9,9,100.0
0104,1,4,6,6,100.0
0105,1,5,5,5,100.0
0106,1,6,2,2,100.0
0107,1,7,20,20,100.0
0108,1,8,6,6,100.0
0109,1,9,13,13,100.0
0110,1,10,15,15,100.0
0111,1,11,5,5,100.0
0112,1,12,9,9,100.0
0113,1,13,4,4,100.0
0114,1,14,2,2,100.0
0115,1,15,1,1,100.0
0116,1,16,2,2,100.0
0117,1,17,12,12,100.0
0118,1,18,5,5,100.0
0119,1,19,2,2,100.0
0120,1,20,2,2,100.0
0121,1,21,10,10,100.0
0122,1,22,1,1,100.0
0123,1,23,14,14,100.0
0124,1,24,4,4,100.0
0125,1,25,7,7,100.0
0126,1,26,9,9,100.0
0127,1,27,4,4,100.0
0128,1,28,0,0,0.0
0129,1,29,6,6,100.0
0130,1,30,1,1,100.0
0131,1,31,7,7,100.0
0132,1,32,7,7,100.0
0133,1,33,6,6,100.0
0134,1,34,2,2,100.0
0135,1,35,6,6,100.0
0136,1,36,8,8,100.0
0137,1,37,8,8,100.0
0201,2,1,21,21,100.0
0202,2,2,6,6,100.0
0203,2,3,0,0,0.0
0204,2,4,4,4,100.0
0205,2,5,3,3,100.0
0206,2,6,1,1,100.0
0207,2,7,1,1,100.0
0208,2,8,25,25,100.0
0209,2,9,0,0,0.0
0210,2,10,0,0,0.0
0211,2,11,15,15,100.0
0212,2,12,2,2,100.0
0213,2,13,3,3,100.0
0214,2,14,7,7,100.0
0215,2,15,0,0,0.0
0216,2,16,1,1,100.0
0217,2,17,2,2,100.0
0218,2,18,2,2,100.0
0219,2,19,0,0,0.0
0220,2,20,1,1,100.0
0221,2,21,1,1,100.0
0222,2,22,31,31,100.0
0223,2,23,1,1,100.0
0224,2,24,1,1,100.0
0225,2,25,6,6,100.0
0226,2,26,3,3,100.0
0227,2,27,0,0,0.0
0228,2,28,0,0,0.0
0229,2,29,0,0,0.0
0230,2,30,0,0,0.0
0231,2,31,3,3,100.0
0232,2,32,2,2,100.0
0233,2,33,5,5,100.0
0234,2,34,4,4,100.0
0235,2,35,9,9,100.0
0236,2,36,0,0,0.0
0237,2,37,19,19,100.0
0238,2,38,3,3,100.0
0239,2,39,8,8,100.0
0240,2,40,6,6,100.0
0241,2,41,1,1,100.0
0242,2,42,2,2,100.0
0243,2,43,36,36,100.0
0244,2,44,2,2,100.0
0245,2,45,0,0,0.0
0246,2,46,5,5,100.0
0247,2,47,2,2,100.0
0248,2,48,7,7,100.0
0249,2,49,7,7,100.0
0250,2,50,6,6,100.0
0251,2,51,2,2,100.0
0252,2,52,7,7,100.0
0253,2,53,1,1,100.0
0254,2,54,31,31,100.0
0255,2,55,6,6,100.0
0256,2,56,0,0,0.0
0301,3,1,2,2,100.0
0302,3,2,2,2,100.0
0303,3,3,1,1,100.0
0304,3,4,0,0,0.0
0305,3,5,0,0,0.0
0306,3,6,0,0,0.0
0307,3,7,0,0,0.0
0308,3,8,0,0,0.0
0309,3,9,1,1,100.0
0310,3,10,1,1,100.0
0311,3,11,2,2,100.0
0312,3,12,3,3,100.0
0313,3,13,0,0,0.0
0314,3,14,2,2,100.0
0315,3,15,0,0,0.0
0316,3,16,1,1,100.0
0317,3,17,0,0,0.0
0318,3,18,0,0,0.0
0319,3,19,2,2,100.0
0320,3,20,1,1,100.0
0321,3,21,1,1,100.0
0322,3,22,0,0,0.0
0323,3,23,0,0,0.0
0324,3,24,3,3,100.0
0325,3,25,0,0,0.0
0326,3,26,0,0,0.0
0327,3,27,0,0,0.0
0328,3,28,1,1,100.0
0329,3,29,0,0,0.0
0330,3,30,2,2,100.0
0331,3,31,0,0,0.0
0332,3,32,0,0,0.0
0333,3,33,2,2,100.0
0334,3,34,0,0,0.0
0335,3,35,0,0,0.0
0336,3,36,3,3,100.0
0337,3,37,0,0,0.0
0338,3,38,2,2,100.0
0339,3,39,6,6,100.0
0340,3,40,2,2,100.0
0341,3,41,0,0,0.0
0342,3,42,1,1,100.0
0343,3,43,0,0,0.0
0344,3,44,1,1,100.0
0345,3,45,0,0,0.0
0346,3,46,0,0,0.0
0347,3,47,3,3,100.0
0348,3,48,1,1,100.0
0349,3,49,1,1,100.0
0350,3,50,0,0,0.0
0351,3,51,2,2,100.0
0352,3,52,0,0,0.0
0401,4,1,2,2,100.0
0402,4,2,0,0,0.0
0403,4,3,4,4,100.0
0404,4,4,0,0,0.0
0405,4,5,2,2,100.0
0406,4,6,0,0,0.0
0407,4,7,2,2,100.0
0408,4,8,1,1,100.0
0409,4,9,4,4,100.0
0410,4,10,5,5,100.0
0411,4,11,2,2,100.0
0412,4,12,1,1,100.0
0413,4,13,4,4,100.0
0414,4,14,1,1,100.0
0415,4,15,1,1,100.0
0416,4,16,3,3,100.0
0417,4,17,13,13,100.0
0418,4,18,3,3,100.0
0419,4,19,2,2,100.0
0420,4,20,0,0,0.0
0421,4,21,4,4,100.0
0422,4,22,4,4,100.0
0423,4,23,2,2,100.0
0424,4,24,4,4,100.0
0425,4,25,2,2,100.0
0426,4,26,0,0,0.0
0427,4,27,2,2,100.0
0428,4,28,7,7,100.0
0429,4,29,9,9,100.0
0430,4,30,1,1,100.0
0431,4,31,1,1,100.0
0432,4,32,7,7,100.0
0433,4,33,2,2,100.0
0434,4,34,12,12,100.0
0435,4,35,0,0,0.0
0436,4,36,1,1,100.0
0437,4,37,1,1,100.0
0438,4,38,7,7,100.0
0439,4,39,0,0,0.0
0440,4,40,3,3,100.0
0441,4,41,6,6,100.0
0442,4,42,0,0,0.0
0443,4,43,6,6,100.0
0444,4,44,2,2,100.0
0445,4,45,2,2,100.0
0446,4,46,2,2,100.0
0447,4,47,6,6,100.0
0448,4,48,11,11,100.0
0449,4,49,0,0,0.0
0450,4,50,2,2,100.0
0451,4,51,6,6,100.0
0452,4,52,1,1,100.0
0453,4,53,0,0,0.0
0454,4,54,2,2,100.0
0455,4,55,2,2,100.0
0501,5,1,1,1,100.0
0502,5,2,3,3,100.0
0503,5,3,0,0,0.0
0504,5,4,3,3,100.0
0505,5,5,7,7,100.0
0506,5,6,5,5,100.0
0507,5,7,3,3,100.0
0508,5,8,14,14,100.0
0509,5,9,2,2,100.0
0510,5,10,0,0,0.0
0511,5,11,1,1,100.0
0512,5,12,2,2,100.0
0513,5,13,3,3,100.0
0514,5,14,3,3,100.0
0515,5,15,2,2,100.0
0516,5,16,6,6,100.0
0517,5,17,4,4,100.0
0518,5,18,1,1,100.0
0519,5,19,0,0,0.0
0520,5,20,3,3,100.0
0521,5,21,1,1,100.0
0522,5,22,3,3,100.0
0523,5,23,2,2,100.0
0524,5,24,3,3,100.0
0525,5,25,0,0,0.0
0526,5,26,1,1,100.0
0527,5,27,2,2,100.0
0528,5,28,5,5,100.0
0529,5,29,0,0,0.0
0530,5,30,9,9,100.0
0531,5,31,3,3,100.0
0532,5,32,1,1,100.0
0533,5,33,1,1,100.0
0534,5,34,0,0,0.0
0535,5,35,8,8,100.0
0536,5,36,2,2,100.0
0537,5,37,3,3,100.0
0538,5,38,11,11,100.0
0539,5,39,13,13,100.0
0540,5,40,2,2,100.0
0541,5,41,7,7,100.0
0542,5,42,2,2,100.0
0543,5,43,2,2,100.0
0544,5,44,1,1,100.0
0545,5,45,2,2,100.0
0546,5,46,5,5,100.0
0547,5,47,0,0,0.0
0548,5,48,2,2,100.0
0549,5,49,13,13,100.0
0550,5,50,1,1,100.0
0551,5,51,1,1,100.0
0552,5,52,3,3,100.0
0553,5,53,2,2,100.0
0554,5,54,1,1,100.0
0555,5,55,3,3,100.0
0556,5,56,0,0,0.0
0557,5,57,7,7,100.0
0558,5,58,2,2,100.0
0559,5,59,0,0,0.0
0601,6,1,1,1,100.0
0602,6,2,1,1,100.0
0603,6,3,1,1,100.0
0604,6,4,2,2,100.0
0605,6,5,2,2,100.0
0606,6,6,1,1,100.0
0607,6,7,1,1,100.0
0608,6,8,0,0,0.0
0609,6,9,2,2,100.0
0610,6,10,3,3,100.0
0611,6,11,3,3,100.0
0612,6,12,2,2,100.0
0613,6,13,1,1,100.0
0614,6,14,0,0,0.0
0615,6,15,0,0,0.0
0616,6,16,1,1,100.0
0617,6,17,2,2,100.0
0618,6,18,1,1,100.0
0619,6,19,4,4,100.0
0620,6,20,0,0,0.0
0621,6,21,1,1,100.0
0622,6,22,6,6,100.0
0623,6,23,0,0,0.0
0624,6,24,0,0,0.0
0625,6,25,0,0,0.0
0626,6,26,0,0,0.0
0627,6,27,2,2,100.0
0628,6,28,1,1,100.0
0629,6,29,0,0,0.0
0630,6,30,2,2,100.0
0631,6,31,1,1,100.0
0632,6,32,2,2,100.0
0633,6,33,2,2,100.0
0634,6,34,1,1,100.0
0635,6,35,3,3,100.0
0636,6,36,1,1,100.0
0637,6,37,0,0,0.0
0638,6,38,2,2,100.0
0639,6,39,2,2,100.0
0640,6,40,0,0,0.0
0641,6,41,2,2,100.0
0642,6,42,0,0,0.0
0643,6,43,7,7,100.0
0644,6,44,1,1,100.0
0645,6,45,0,0,0.0
0646,6,46,1,1,100.0
0647,6,47,1,1,100.0
0648,6,48,0,0,0.0
0649,6,49,1,1,100.0
0650,6,50,1,1,100.0
0651,6,51,3,3,100.0
0652,6,52,2,2,100.0
0653,6,53,1,1,100.0
0654,6,54,1,1,100.0
0655,6,55,3,3,100.0
0656,6,56,1,1,100.0
0657,6,57,0,0,0.0
0658,6,58,1,1,100.0
0659,6,59,1,1,100.0
0660,6,60,0,0,0.0
0661,6,61,0,0,0.0
0662,6,62,3,3,100.0
0663,6,63,1,1,100.0
0664,6,64,2,2,100.0
0701,7,1,2,2,100.0
0702,7,2,0,0,0.0
0703,7,3,1,1,100.0
0704,7,4,1,1,100.0
0705,7,5,2,2,100.0
0706,7,6,4,4,100.0
0707,7,7,5,5,100.0
0708,7,8,1,1,100.0
0709,7,9,2,2,100.0
0710,7,10,3,3,100.0
0711,7,11,1,1,100.0
0712,7,12,0,0,0.0
0713,7,13,1,1,100.0
0714,7,14,6,6,100.0
0715,7,15,2,2,100.0
0716,7,16,0,0,0.0
0717,7,17,1,1,100.0
0718,7,18,4,4,100.0
0719,7,19,2,2,100.0
0720,7,20,0,0,0.0
0721,7,21,1,1,100.0
0722,7,22,1,1,100.0
0723,7,23,3,3,100.0
0724,7,24,0,0,0.0
0725,7,25,3,3,100.0
0726,7,26,1,1,100.0
0727,7,27,3,3,100.0
0728,7,28,3,3,100.0
0729,7,29,0,0,0.0
0730,7,30,0,0,0.0
0731,7,31,6,6,100.0
0732,7,32,2,2,100.0
0733,7,33,1,1,100.0
0734,7,34,6,6,100.0
0735,7,35,6,6,100.0
0736,7,36,3,3,100.0
0737,7,37,3,3,100.0
0738,7,38,5,5,100.0
0739,7,39,2,2,100.0
0740,7,40,1,1,100.0
0741,7,41,0,0,0.0
0742,7,42,3,3,100.0
0743,7,43,0,0,0.0
0744,7,44,3,3,100.0
0745,7,45,3,3,100.0
0746,7,46,1,1,100.0
0801,8,1,2,2,100.0
0802,8,2,1,1,100.0
0803,8,3,1,1,100.0
0804,8,4,0,0,0.0
0805,8,5,1,1,100.0
0806,8,6,0,0,0.0
0807,8,7,2,2,100.0
0808,8,8,2,2,100.0
0809,8,9,0,0,0.0
0810,8,10,1,1,100.0
0811,8,11,0,0,0.0
0812,8,12,4,4,100.0
0813,8,13,1,1,100.0
0814,8,14,2,2,100.0
0815,8,15,1,1,100.0
0816,8,16,2,2,100.0
0817,8,17,0,0,0.0
0818,8,18,0,0,0.0
0819,8,19,0,0,0.0
0820,8,20,0,0,0.0
0821,8,21,3,3,100.0
0822,8,22,0,0,0.0
0823,8,23,3,3,100.0
0824,8,24,0,0,0.0
0825,8,25,3,3,100.0
0826,8,26,0,0,0.0
0827,8,27,3,3,100.0
0828,8,28,1,1,100.0
0829,8,29,0,0,0.0
0830,8,30,2,2,100.0
0831,8,31,0,0,0.0
0832,8,32,4,4,100.0
0833,8,33,1,1,100.0
0834,8,34,3,3,100.0
0835,8,35,5,5,100.0
0836,8,36,1,1,100.0
0837,8,37,2,2,100.0
0838,8,38,1,1,100.0
0839,8,39,0,0,0.0
0840,8,40,4,4,100.0
0841,8,41,1,1,100.0
0842,8,42,3,3,100.0
0843,8,43,0,0,0.0
0844,8,44,1,1,100.0
0845,8,45,3,3,100.0
0846,8,46,1,1,100.0
0847,8,47,1,1,100.0
0848,8,48,1,1,100.0
0849,8,49,0,0,0.0
0850,8,50,2,2,100.0
0851,8,51,2,2,100.0
0852,8,52,2,2,100.0
0853,8,53,2,2,100.0
0854,8,54,3,3,100.0
0855,8,55,2,2,100.0
0856,8,56,0,0,0.0
0857,8,57,1,1,100.0
0858,8,58,0,0,0.0
0859,8,59,0,0,0.0
0860,8,60,3,3,100.0
0861,8,61,1,1,100.0
0862,8,62,3,3,100.0
0863,8,63,0,0,0.0
0864,8,64,1,1,100.0
0865,8,65,1,1,100.0
0866,8,66,2,2,100.0
0901,9,1,0,0,0.0
0902,9,2,4,4,100.0
0903,9,3,0,0,0.0
0904,9,4,2,2,100.0
0905,9,5,0,0,0.0
0906,9,6,1,1,100.0
0907,9,7,1,1,100.0
0908,9,8,3,3,100.0
0909,9,9,1,1,100.0
0910,9,10,1,1,100.0
0911,9,11,1,1,100.0
0912,9,12,3,3,100.0
0913,9,13,4,4,100.0
0914,9,14,0,0,0.0
0915,9,15,2,2,100.0
0916,9,16,0,0,0.0
0917,9,17,0,0,0.0
0918,9,18,5,5,100.0
0919,9,19,1,1,100.0
0920,9,20,2,2,100.0
0921,9,21,0,0,0.0
0922,9,22,0,0,0.0
0923,9,23,2,2,100.0
0924,9,24,1,1,100.0
0925,9,25,1,1,100.0
0926,9,26,0,0,0.0
0927,9,27,2,2,100.0
0928,9,28,1,1,100.0
0929,9,29,4,4,100.0
0930,9,30,3,3,100.0
0931,9,31,4,4,100.0
0932,9,32,1,1,100.0
0933,9,33,0,0,0.0
0934,9,34,0,0,0.0
0935,9,35,1,1,100.0
0936,9,36,1,1,100.0
0937,9,37,24,24,100.0
0938,9,38,1,1,100.0
0939,9,39,0,0,0.0
0940,9,40,3,3,100.0
0941,9,41,3,3,100.0
0942,9,42,3,3,100.0
0943,9,43,2,2,100.0
0944,9,44,1,1,100.0
0945,9,45,0,0,0.0
0946,9,46,1,1,100.0
0947,9,47,2,2,100.0
0948,9,48,0,0,0.0
0949,9,49,0,0,0.0
0950,9,50,0,0,0.0
0951,9,51,2,2,100.0
0952,9,52,1,1,100.0
1001,10,1,1,1,100.0
1002,10,2,10,10,100.0
1003,10,3,8,8,100.0
1004,10,4,6,6,100.0
1005,10,5,11,11,100.0
1006,10,6,0,0,0.0
1007,10,7,2,2,100.0
1008,10,8,15,15,100.0
1009,10,9,17,17,100.0
1010,10,10,2,2,100.0
1011,10,11,19,19,100.0
1012,10,12,16,16,100.0
1013,10,13,12,12,100.0
1014,10,14,3,3,100.0
1015,10,15,9,9,100.0
1016,10,16,13,13,100.0
1017,10,17,13,13,100.0
1018,10,18,0,0,0.0
1019,10,19,29,29,100.0
1020,10,20,31,31,100.0
1021,10,21,19,19,100.0
1022,10,22,6,6,100.0
1023,10,23,5,5,100.0
1024,10,24,22,22,100.0
1025,10,25,7,7,100.0
1026,10,26,17,17,100.0
1027,10,27,19,19,100.0
1028,10,28,1,1,100.0
1029,10,29,4,4,100.0
1030,10,30,10,10,100.0
1031,10,31,14,14,100.0
1032,10,32,26,26,100.0
1033,10,33,14,14,100.0
1034,10,34,8,8,100.0
1035,10,35,21,21,100.0
1036,10,36,6,6,100.0
1037,10,37,3,3,100.0
1038,10,38,21,21,100.0
1039,10,39,17,17,100.0
1040,10,40,2,2,100.0
1041,10,41,41,41,100.0
1042,10,42,21,21,100.0
1043,10,43,3,3,100.0
1044,10,44,8,8,100.0
1045,10,45,9,9,100.0
1046,10,46,12,12,100.0
1101,11,1,9,9,100.0
1102,11,2,10,10,100.0
1103,11,3,10,10,100.0
1104,11,4,6,6,100.0
1105,11,5,3,3,100.0
1106,11,6,10,10,100.0
1107,11,7,8,8,100.0
1108,11,8,8,8,100.0
1109,11,9,8,8,100.0
1110,11,10,7,7,100.0
1111,11,11,11,11,100.0
1112,11,12,11,11,100.0
1113,11,13,6,6,100.0
1114,11,14,1,1,100.0
1115,11,15,6,6,100.0
1116,11,16,5,5,100.0
1117,11,17,21,21,100.0
1118,11,18,8,8,100.0
1119,11,19,6,6,100.0
1120,11,20,5,5,100.0
1121,11,21,8,8,100.0
1122,11,22,3,3,100.0
1123,11,23,5,5,100.0
1124,11,24,8,8,100.0
1125,11,25,3,3,100.0
1126,11,26,12,12,100.0
1127,11,27,8,8,100.0
1128,11,28,2,2,100.0
1129,11,29,8,8,100.0
1130,11,30,8,8,100.0
1131,11,31,1,1,100.0
1132,11,32,4,4,100.0
1133,11,33,1,1,100.0
1134,11,34,5,5,100.0
1135,11,35,6,6,100.0
1136,11,36,4,4,100.0
1137,11,37,17,17,100.0
1138,11,38,7,7,100.0
1139,11,39,3,3,100.0
1140,11,40,5,5,100.0
1141,11,41,5,5,100.0
1142,11,42,1,1,100.0
1143,11,43,8,8,100.0
1144,11,44,4,4,100.0
1145,11,45,2,2,100.0
1146,11,46,1,1,100.0
1147,11,47,5,5,100.0
1148,11,48,1,1,100.0
1149,11,49,1,1,100.0
1150,11,50,3,3,100.0
1151,11,51,4,4,100.0
1152,11,52,12,12,100.0
1153,11,53,4,4,100.0
1154,11,54,3,3,100.0
1201,12,1,5,5,100.0
1202,12,2,6,6,100.0
1203,12,3,0,0,0.0
1204,12,4,1,1,100.0
1205,12,5,2,2,100.0
1206,12,6,4,4,100.0
1207,12,7,3,3,100.0
1208,12,8,10,10,100.0
1209,12,9,6,6,100.0
1210,12,10,4,4,100.0
1211,12,11,3,3,100.0
1212,12,12,2,2,100.0
1213,12,13,7,7,100.0
1214,12,14,6,6,100.0
1215,12,15,1,1,100.0
1216,12,16,6,6,100.0
1217,12,17,1,1,100.0
1218,12,18,4,4,100.0
1219,12,19,0,0,0.0
1220,12,20,5,5,100.0
1221,12,21,3,3,100.0
1222,12,22,10,10,100.0
1223,12,23,1,1,100.0
1224,12,24,6,6,100.0
1225,12,25,11,11,100.0
1226,12,26,1,1,100.0
1227,12,27,9,9,100.0
1228,12,28,4,4,100.0
1229,12,29,7,7,100.0
1230,12,30,8,8,100.0
1301,13,1,24,24,100.0
1302,13,2,14,14,100.0
1303,13,3,15,15,100.0
1304,13,4,9,9,100.0
1305,13,5,4,4,100.0
1306,13,6,17,17,100.0
1307,13,7,6,6,100.0
1308,13,8,25,25,100.0
1309,13,9,7,7,100.0
1310,13,10,13,13,100.0
1311,13,11,10,10,100.0
1312,13,12,10,10,100.0
1313,13,13,5,5,100.0
1314,13,14,12,12,100.0
1315,13,15,8,8,100.0
1316,13,16,12,12,100.0
1317,13,17,5,5,100.0
1318,13,18,12,12,100.0
1319,13,19,6,6,100.0
1320,13,20,9,9,100.0
1321,13,21,10,10,100.0
1322,13,22,6,6,100.0
1323,13,23,4,4,100.0
1324,13,24,23,23,100.0
1325,13,25,14,14,100.0
1326,13,26,1,1,100.0
1327,13,27,19,19,100.0
1328,13,28,6,6,100.0
1329,13,29,10,10,100.0
1330,13,30,6,6,100.0
1331,13,31,7,7,100.0
1332,13,32,8,8,100.0
1333,13,33,8,8,100.0
1334,13,34,15,15,100.0
1335,13,35,9,9,100.0
1336,13,36,8,8,100.0
1337,13,37,7,7,100.0
1338,13,38,6,6,100.0
1339,13,39,10,10,100.0
1340,13,40,16,16,100.0
1341,13,41,6,6,100.0
1342,13,42,9,9,100.0
1343,13,43,4,4,100.0
1344,13,44,9,9,100.0
1345,13,45,11,11,100.0
1346,13,46,1,1,100.0
1347,13,47,10,10,100.0
1348,13,48,5,5,100.0
1349,13,49,7,7,100.0
1350,13,50,10,10,100.0
1351,13,51,12,12,100.0
1352,13,52,16,16,100.0
1353,13,53,9,9,100.0
1354,13,54,5,5,100.0
1355,13,55,6,6,100.0
1356,13,56,7,7,100.0
1357,13,57,13,13,100.0
1358,13,58,6,6,100.0
1359,13,59,6,6,100.0
1360,13,60,4,4,100.0
1361,13,61,11,11,100.0
1362,13,62,6,6,100.0
1363,13,63,15,15,100.0
1401,14,1,9,9,100.0
1402,14,2,5,5,100.0
1403,14,3,8,8,100.0
1404,14,4,8,8,100.0
1405,14,5,7,7,100.0
1406,14,6,6,6,100.0
1407,14,7,5,5,100.0
1408,14,8,7,7,100.0
1409,14,9,3,3,100.0
1410,14,10,3,3,100.0
1411,14,11,5,5,100.0
1412,14,12,7,7,100.0
1413,14,13,10,10,100.0
1414,14,14,11,11,100.0
1415,14,15,6,6,100.0
1416,14,16,9,9,100.0
1417,14,17,6,6,100.0
1418,14,18,3,3,100.0
1419,14,19,3,3,100.0
1420,14,20,1,1,100.0
1421,14,21,6,6,100.0
1422,14,22,9,9,100.0
1423,14,23,8,8,100.0
1424,14,24,8,8,100.0
1425,14,25,9,9,100.0
1426,14,26,8,8,100.0
1427,14,27,8,8,100.0
1428,14,28,11,11,100.0
1429,14,29,8,8,100.0
1430,14,30,7,7,100.0
1431,14,31,7,7,100.0
1432,14,32,5,5,100.0
1433,14,33,4,4,100.0
1434,14,34,4,4,100.0
1435,14,35,9,9,100.0
1436,14,36,8,8,100.0
1437,14,37,3,3,100.0
1438,14,38,8,8,100.0
1439,14,39,12,12,100.0
1440,14,40,5,5,100.0
1441,14,41,6,6,100.0
1442,14,42,6,6,100.0
1443,14,43,11,11,100.0
1444,14,44,10,10,100.0
1445,14,45,7,7,100.0
1446,14,46,7,7,100.0
1447,14,47,9,9,100.0
1448,14,48,6,6,100.0
1501,15,1,0,0,0.0
1502,15,2,1,1,100.0
1503,15,3,1,1,100.0
1504,15,4,2,2,100.0
1505,15,5,3,3,100.0
1506,15,6,3,3,100.0
1507,15,7,0,0,0.0
1508,15,8,2,2,100.0
1509,15,9,0,0,0.0
1510,15,10,6,6,100.0
1511,15,11,1,1,100.0
1512,15,12,4,4,100.0
1513,15,13,2,2,100.0
1514,15,14,8,8,100.0
1515,15,15,0,0,0.0
1516,15,16,3,3,100.0
1517,15,17,3,3,100.0
1518,15,18,0,0,0.0
1519,15,19,0,0,0.0
1520,15,20,0,0,0.0
1521,15,21,0,0,0.0
1522,15,22,3,3,100.0
1523,15,23,0,0,0.0
1524,15,24,2,2,100.0
1525,15,25,4,4,100.0
1526,15,26,0,0,0.0
1527,15,27,7,7,100.0
1528,15,28,5,5,100.0
1529,15,29,1,1,100.0
1530,15,30,2,2,100.0
1531,15,31,0,0,0.0
1532,15,32,1,1,100.0
1533,15,33,2,2,100.0
1534,15,34,2,2,100.0
1535,15,35,3,3,100.0
1536,15,36,0,0,0.0
1537,15,37,1,1,100.0
1538,15,38,3,3,100.0
1539,15,39,1,1,100.0
1540,15,40,3,3,100.0
1541,15,41,11,11,100.0
1542,15,42,0,0,0.0
1543,15,43,0,0,0.0
1544,15,44,1,1,100.0
1545,15,45,14,14,100.0
1546,15,46,0,0,0.0
1547,15,47,2,2,100.0
1548,15,48,3,3,100.0
1549,15,49,5,5,100.0
1550,15,50,1,1,100.0
1601,16,1,3,3,100.0
1602,16,2,1,1,100.0
1603,16,3,1,1,100.0
1604,16,4,0,0,0.0
1605,16,5,2,2,100.0
1606,16,6,1,1,100.0
1607,16,7,1,1,100.0
1608,16,8,2,2,100.0
1609,16,9,0,0,0.0
1610,16,10,1,1,100.0
1611,16,11,1,1,100.0
1612,16,12,1,1,100.0
1613,16,13,8,8,100.0
1614,16,14,1,1,100.0
1615,16,15,3,3,100.0
1616,16,16,1,1,100.0
1617,16,17,0,0,0.0
1618,16,18,0,0,0.0
1619,16,19,0,0,0.0
1620,16,20,1,1,100.0
1621,16,21,4,4,100.0
1622,16,22,1,1,100.0
1623,16,23,11,11,100.0
1624,16,24,0,0,0.0
1625,16,25,2,2,100.0
1626,16,26,1,1,100.0
1627,16,27,3,3,100.0
1628,16,28,1,1,100.0
1629,16,29,1,1,100.0
1630,16,30,1,1,100.0
1631,16,31,2,2,100.0
1632,16,32,0,0,0.0
1633,16,33,0,0,0.0
1634,16,34,2,2,100.0
1635,16,35,4,4,100.0
1636,16,36,1,1,100.0
1637,16,37,1,1,100.0
1638,16,38,2,2,100.0
1639,16,39,0,0,0.0
1640,16,40,1,1,100.0
1641,16,41,3,3,100.0
1642,16,42,8,8,100.0
1701,17,1,0,0,0.0
1702,17,2,6,6,100.0
1703,17,3,1,1,100.0
1704,17,4,3,3,100.0
1705,17,5,0,0,0.0
1706,17,6,1,1,100.0
1707,17,7,0,0,0.0
1708,17,8,0,0,0.0
1709,17,9,1,1,100.0
1710,17,10,0,0,0.0
1711,17,11,0,0,0.0
1712,17,12,1,1,100.0
1713,17,13,4,4,100.0
1714,17,14,2,2,100.0
1715,17,15,3,3,100.0
1716,17,16,1,1,100.0
1717,17,17,0,0,0.0
1718,17,18,0,0,0.0
1719,17,19,0,0,0.0
1720,17,20,0,0,0.0
1721,17,21,6,6,100.0
1722,17,22,1,1,100.0
1723,17,23,0,0,0.0
1724,17,24,2,2,100.0
1725,17,25,0,0,0.0
1726,17,26,1,1,100.0
1727,17,27,0,0,0.0
1728,17,28,0,0,0.0
1729,17,29,2,2,100.0
1730,17,30,3,3,100.0
1731,17,31,2,2,100.0
1732,17,32,0,0,0.0
1733,17,33,0,0,0.0
1734,17,34,0,0,0.0
1735,17,35,1,1,100.0
1736,17,36,0,0,0.0
1737,17,37,2,2,100.0
1738,17,38,0,0,0.0
1739,17,39,0,0,0.0
1740,17,40,0,0,0.0
1741,17,41,2,2,100.0
1742,17,42,1,1,100.0
1743,17,43,2,2,100.0
1744,17,44,0,0,0.0
1745,17,45,3,3,100.0
1746,17,46,2,2,100.0
1747,17,47,2,2,100.0
1748,17,48,2,2,100.0
1749,17,49,4,4,100.0
1750,17,50,1,1,100.0
1751,17,51,4,4,100.0
1752,17,52,1,1,100.0
1753,17,53,4,4,100.0
1754,17,54,19,19,100.0
1755,17,55,2,2,100.0
1801,18,1,3,3,100.0
1802,18,2,6,6,100.0
1803,18,3,0,0,0.0
1804,18,4,6,6,100.0
1805,18,5,2,2,100.0
1806,18,6,1,1,100.0
1807,18,7,7,7,100.0
1808,18,8,9,9,100.0
1809,18,9,4,4,100.0
1810,18,10,7,7,100.0
1811,18,11,11,11,100.0
1812,18,12,7,7,100.0
1813,18,13,8,8,100.0
1814,18,14,4,4,100.0
1815,18,15,1,1,100.0
1816,18,16,11,11,100.0
1817,18,17,12,12,100.0
1818,18,18,1,1,100.0
1819,18,19,1,1,100.0
1820,18,20,2,2,100.0
1821,18,21,9,9,100.0
1822,18,22,7,7,100.0
1823,18,23,4,4,100.0
1824,18,24,0,0,0.0
1825,18,25,0,0,0.0
1826,18,26,2,2,100.0
1827,18,27,2,2,100.0
1828,18,28,1,1,100.0
1829,18,29,17,17,100.0
1830,18,30,1,1,100.0
1831,18,31,4,4,100.0
1832,18,32,0,0,0.0
1833,18,33,0,0,0.0
1834,18,34,8,8,100.0
1835,18,35,7,7,100.0
1836,18,36,1,1,100.0
1837,18,37,4,4,100.0
1838,18,38,1,1,100.0
1839,18,39,0,0,0.0
1840,18,40,3,3,100.0
1841,18,41,2,2,100.0
1842,18,42,3,3,100.0
1843,18,43,0,0,0.0
1844,18,44,2,2,100.0
1845,18,45,5,5,100.0
1846,18,46,2,2,100.0
1847,18,47,2,2,100.0
1848,18,48,2,2,100.0
1849,18,49,6,6,100.0
1850,18,50,3,3,100.0
1851,18,51,2,2,100.0
1852,18,52,0,0,0.0
1853,18,53,1,1,100.0
1854,18,54,1,1,100.0
1855,18,55,0,0,0.0
1856,18,56,2,2,100.0
1857,18,57,2,2,100.0
1858,18,58,1,1,100.0
1859,18,59,3,3,100.0
1860,18,60,1,1,100.0
1861,18,61,0,0,0.0
1862,18,62,1,1,100.0
1863,18,63,0,0,0.0
1901,19,1,13,13,100.0
1902,19,2,12,12,100.0
1903,19,3,17,17,100.0
1904,19,4,20,20,100.0
1905,19,5,7,7,100.0
1906,19,6,20,20,100.0
1907,19,7,6,6,100.0
1908,19,8,16,16,100.0
1909,19,9,24,24,100.0
1910,19,10,17,17,100.0
1911,19,11,23,23,100.0
1912,19,12,22,22,100.0
1913,19,13,11,11,100.0
1914,19,14,16,16,100.0
1915,19,15,11,11,100.0
1916,19,16,17,17,100.0
1917,19,17,13,13,100.0
1918,19,18,15,15,100.0
1919,19,19,14,14,100.0
1920,19,20,11,11,100.0
1921,19,21,11,11,100.0
1922,19,22,19,19,100.0
1923,19,23,12,12,100.0
1924,19,24,15,15,100.0
1925,19,25,25,25,100.0
1926,19,26,21,21,100.0
1927,19,27,14,14,100.0
1928,19,28,15,15,100.0
1929,19,29,12,12,100.0
1930,19,30,26,26,100.0
1931,19,31,31,31,100.0
1932,19,32,28,28,100.0
1933,19,33,20,20,100.0
1934,19,34,15,15,100.0
1935,19,35,11,11,100.0
1936,19,36,14,14,100.0
1937,19,37,12,12,100.0
1938,19,38,16,16,100.0
1939,19,39,7,7,100.0
1940,19,40,22,22,100.0
1941,19,41,21,21,100.0
1942,19,42,19,19,100.0
1943,19,43,0,0,0.0
1944,19,44,8,8,100.0
1945,19,45,27,27,100.0
1946,19,46,19,19,100.0
1947,19,47,7,7,100.0
1948,19,48,1,1,100.0
1949,19,49,16,16,100.0
1950,19,50,2,2,100.0
1951,19,51,20,20,100.0
1952,19,52,27,27,100.0
1953,19,53,12,12,100.0
1954,19,54,30,30,100.0
1955,19,55,19,19,100.0
1956,19,56,24,24,100.0
1957,19,57,21,21,100.0
1958,19,58,18,18,100.0
1959,19,59,30,30,100.0
1960,19,60,4,4,100.0
1961,19,61,15,15,100.0
1962,19,62,18,18,100.0
1963,19,63,6,6,100.0
1964,19,64,15,15,100.0
1965,19,65,18,18,100.0
2001,20,1,1,1,100.0
2002,20,2,4,4,100.0
2003,20,3,2,2,100.0
2004,20,4,1,1,100.0
2005,20,5,1,1,100.0
2006,20,6,0,0,0.0
2007,20,7,0,0,0.0
2008,20,8,1,1,100.0
2009,20,9,2,2,100.0
2010,20,10,2,2,100.0
2011,20,11,0,0,0.0
2012,20,12,0,0,0.0
2013,20,13,2,2,100.0
2014,20,14,2,2,100.0
2015,20,15,0,0,0.0
2016,20,16,0,0,0.0
2017,20,17,2,2,100.0
2018,20,18,2,2,100.0
2019,20,19,0,0,0.0
2020,20,20,1,1,100.0
2021,20,21,0,0,0.0
2022,20,22,1,1,100.0
2023,20,23,1,1,100.0
2024,20,24,1,1,100.0
2025,20,25,0,0,0.0
2026,20,26,4,4,100.0
2027,20,27,2,2,100.0
2028,20,28,1,1,100.0
2029,20,29,1,1,100.0
2030,20,30,1,1,100.0
2031,20,31,0,0,0.0
2032,20,32,0,0,0.0
2033,20,33,2,2,100.0
2034,20,34,5,5,100.0
2035,20,35,1,1,100.0
2036,20,36,1,1,100.0
2037,20,37,1,1,100.0
2038,20,38,3,3,100.0
2039,20,39,1,1,100.0
2040,20,40,0,0,0.0
2041,20,41,0,0,0.0
2042,20,42,0,0,0.0
2043,20,43,2,2,100.0
2044,20,44,1,1,100.0
2045,20,45,0,0,0.0
2046,20,46,1,1,100.0
2047,20,47,0,0,0.0
2048,20,48,0,0,0.0
2049,20,49,1,1,100.0
2050,20,50,1,1,100.0
2051,20,51,2,2,100.0
2052,20,52,0,0,0.0
2101,21,1,2,2,100.0
2102,21,2,1,1,100.0
2103,21,3,2,2,100.0
2104,21,4,1,1,100.0
2105,21,5,2,2,100.0
2106,21,6,1,1,100.0
2107,21,7,1,1,100.0
2108,21,8,1,1,100.0
2109,21,9,2,2,100.0
2110,21,10,3,3,100.0
2111,21,11,0,0,0.0
2112,21,12,1,1,100.0
2113,21,13,1,1,100.0
2114,21,14,0,0,0.0
2115,21,15,2,2,100.0
2116,21,16,0,0,0.0
2117,21,17,1,1,100.0
2118,21,18,1,1,100.0
2119,21,19,1,1,100.0
2120,21,20,1,1,100.0
2121,21,21,2,2,100.0
2122,21,22,1,1,100.0
2123,21,23,5,5,100.0
2124,21,24,0,0,0.0
2125,21,25,0,0,0.0
2126,21,26,0,0,0.0
2127,21,27,2,2,100.0
2128,21,28,1,1,100.0
2129,21,29,0,0,0.0
2130,21,30,2,2,100.0
2131,21,31,1,1,100.0
2132,21,32,3,3,100.0
2133,21,33,2,2,100.0
2134,21,34,0,0,0.0
2135,21,35,0,0,0.0
2136,21,36,0,0,0.0
2137,21,37,2,2,100.0
2138,21,38,0,0,0.0
2139,21,39,2,2,100.0
2140,21,40,0,0,0.0
2141,21,41,1,1,100.0
2142,21,42,2,2,100.0
2143,21,43,2,2,100.0
2144,21,44,1,1,100.0
2145,21,45,1,1,100.0
2146,21,46,1,1,100.0
2147,21,47,2,2,100.0
2148,21,48,2,2,100.0
2149,21,49,2,2,100.0
2150,21,50,0,0,0.0
2151,21,51,5,5,100.0
2152,21,52,0,0,0.0
2153,21,53,1,1,100.0
2154,21,54,0,0,0.0
2155,21,55,1,1,100.0
2156,21,56,0,0,0.0
2157,21,57,0,0,0.0
2158,21,58,1,1,100.0
2159,21,59,0,0,0.0
2160,21,60,2,2,100.0
2161,21,61,3,3,100.0
2162,21,62,1,1,100.0
2163,21,63,0,0,0.0
2164,21,64,3,3,100.0
2165,21,65,0,0,0.0
2166,21,66,0,0,0.0
2167,21,67,0,0,0.0
2168,21,68,2,2,100.0
2169,21,69,2,2,100.0
2170,21,70,1,1,100.0
2201,22,1,0,0,0.0
2202,22,2,4,4,100.0
2203,22,3,4,4,100.0
2204,22,4,1,1,100.0
2205,22,5,6,6,100.0
2206,22,6,3,3,100.0
2207,22,7,0,0,0.0
2208,22,8,1,1,100.0
2209,22,9,6,6,100.0
2210,22,10,2,2,100.0
2211,22,11,4,4,100.0
2212,22,12,2,2,100.0
2213,22,13,3,3,100.0
2214,22,14,6,6,100.0
2215,22,15,1,1,100.0
2216,22,16,6,6,100.0
2217,22,17,5,5,100.0
2218,22,18,6,6,100.0
2219,22,19,0,0,0.0
2220,22,20,1,1,100.0
2221,22,21,3,3,100.0
2222,22,22,0,0,0.0
2223,22,23,7,7,100.0
2224,22,24,3,3,100.0
2225,22,25,5,5,100.0
2226,22,26,3,3,100.0
2227,22,27,3,3,100.0
2228,22,28,0,0,0.0
2229,22,29,1,1,100.0
2301,23,1,11,11,100.0
2302,23,2,5,5,100.0
2303,23,3,23,23,100.0
2304,23,4,14,14,100.0
2305,23,5,11,11,100.0
2306,23,6,17,17,100.0
2307,23,7,16,16,100.0
2308,23,8,19,19,100.0
2309,23,9,6,6,100.0
2310,23,10,16,16,100.0
2311,23,11,14,14,100.0
2312,23,12,19,19,100.0
2313,23,13,21,21,100.0
2314,23,14,11,11,100.0
2315,23,15,14,14,100.0
2316,23,16,27,27,100.0
2317,23,17,12,12,100.0
2318,23,18,16,16,100.0
2319,23,19,10,10,100.0
2320,23,20,13,13,100.0
2321,23,21,15,15,100.0
2322,23,22,12,12,100.0
2323,23,23,34,34,100.0
2324,23,24,17,17,100.0
2325,23,25,10,10,100.0
2326,23,26,26,26,100.0
2327,23,27,30,30,100.0
2328,23,28,16,16,100.0
2329,23,29,6,6,100.0
2330,23,30,10,10,100.0
2331,23,31,20,20,100.0
2332,23,32,14,14,100.0
2333,23,33,20,20,100.0
2334,23,34,19,19,100.0
2335,23,35,1,1,100.0
2336,23,36,19,19,100.0
2337,23,37,4,4,100.0
2338,23,38,4,4,100.0
2339,23,39,18,18,100.0
2340,23,40,21,21,100.0
2341,23,41,9,9,100.0
2342,23,42,5,5,100.0
2343,23,43,12,12,100.0
2344,23,44,8,8,100.0
2345,23,45,15,15,100.0
2346,23,46,8,8,100.0
2347,23,47,20,20,100.0
2348,23,48,19,19,100.0
2349,23,49,9,9,100.0
2350,23,50,6,6,100.0
2351,23,51,12,12,100.0
2352,23,52,19,19,100.0
2353,23,53,9,9,100.0
2354,23,54,11,11,100.0
2355,23,55,15,15,100.0
2356,23,56,33,33,100.0
2357,23,57,19,19,100.0
2358,23,58,16,16,100.0
2359,23,59,14,14,100.0
2360,23,60,14,14,100.0
2361,23,61,10,10,100.0
2362,23,62,15,15,100.0
2401,24,1,5,5,100.0
2402,24,2,0,0,0.0
2403,24,3,2,2,100.0
2404,24,4,1,1,100.0
2405,24,5,1,1,100.0
2406,24,6,0,0,0.0
2407,24,7,0,0,0.0
2408,24,8,2,2,100.0
2409,24,9,5,5,100.0
2410,24,10,2,2,100.0
2411,24,11,0,0,0.0
2412,24,12,0,0,0.0
2413,24,13,1,1,100.0
2414,24,14,2,2,100.0
2415,24,15,0,0,0.0
2416,24,16,0,0,0.0
2417,24,17,1,1,100.0
2418,24,18,0,0,0.0
2419,24,19,1,1,100.0
2420,24,20,1,1,100.0
2421,24,21,0,0,0.0
2422,24,22,0,0,0.0
2423,24,23,3,3,100.0
2424,24,24,0,0,0.0
2425,24,25,2,2,100.0
2426,24,26,2,2,100.0
2427,24,27,3,3,100.0
2428,24,28,2,2,100.0
2429,24,29,3,3,100.0
2430,24,30,1,1,100.0
2431,24,31,0,0,0.0
2432,24,32,1,1,100.0
2433,24,33,0,0,0.0
2434,24,34,0,0,0.0
2435,24,35,0,0,0.0
2436,24,36,2,2,100.0
2437,24,37,1,1,100.0
2438,24,38,0,0,0.0
2439,24,39,0,0,0.0
2440,24,40,1,1,100.0
2441,24,41,2,2,100.0
2442,24,42,1,1,100.0
2443,24,43,1,1,100.0
2444,24,44,1,1,100.0
2445,24,45,0,0,0.0
2446,24,46,0,0,0.0
2447,24,47,0,0,0.0
2448,24,48,2,2,100.0
2449,24,49,0,0,0.0
2450,24,50,1,1,100.0
2451,24,51,9,9,100.0
2452,24,52,1,1,100.0
2453,24,53,0,0,0.0
2501,25,1,8,8,100.0
2502,25,2,12,12,100.0
2503,25,3,5,5,100.0
2504,25,4,9,9,100.0
2505,25,5,16,16,100.0
2506,25,6,12,12,100.0
2507,25,7,6,6,100.0
2508,25,8,2,2,100.0
2509,25,9,11,11,100.0
2510,25,10,1,1,100.0
2511,25,11,7,7,100.0
2512,25,12,4,4,100.0
2513,25,13,3,3,100.0
2514,25,14,7,7,100.0
2515,25,15,6,6,100.0
2516,25,16,12,12,100.0
2517,25,17,10,10,100.0
2518,25,18,8,8,100.0
2519,25,19,2,2,100.0
2520,25,20,5,5,100.0
2521,25,21,9,9,100.0
2522,25,22,7,7,100.0
2523,25,23,4,4,100.0
2524,25,24,9,9,100.0
2601,26,1,10,10,100.0
2602,26,2,2,2,100.0
2603,26,3,2,2,100.0
2604,26,4,5,5,100.0
2605,26,5,1,1,100.0
2606,26,6,10,10,100.0
2607,26,7,5,5,100.0
2608,26,8,20,20,100.0
2609,26,9,4,4,100.0
2610,26,10,3,3,100.0
2611,26,11,6,6,100.0
2612,26,12,8,8,100.0
2613,26,13,7,7,100.0
2614,26,14,7,7,100.0
2615,26,15,3,3,100.0
2616,26,16,0,0,0.0
2617,26,17,4,4,100.0
2618,26,18,5,5,100.0
2619,26,19,10,10,100.0
2620,26,20,6,6,100.0
2621,26,21,6,6,100.0
2622,26,22,0,0,0.0
2623,26,23,9,9,100.0
2624,26,24,12,12,100.0
2625,26,25,5,5,100.0
2626,26,26,2,2,100.0
2627,26,27,3,3,100.0
2628,26,28,10,10,100.0
2629,26,29,5,5,100.0
2630,26,30,8,8,100.0
2631,26,31,5,5,100.0
2632,26,32,18,18,100.0
2633,26,33,7,7,100.0
2634,26,34,6,6,100.0
2635,26,35,5,5,100.0
2636,26,36,10,10,100.0
2637,26,37,12,12,100.0
2638,26,38,8,8,100.0
2701,27,1,16,16,100.0
2702,27,2,2,2,100.0
2703,27,3,0,0,0.0
2704,27,4,3,3,100.0
2705,27,5,8,8,100.0
2706,27,6,1,1,100.0
2707,27,7,14,14,100.0
2708,27,8,0,0,0.0
2709,27,9,9,9,100.0
2710,27,10,3,3,100.0
2711,27,11,3,3,100.0
2712,27,12,1,1,100.0
2713,27,13,39,39,100.0
2714,27,14,0,0,0.0
2715,27,15,2,2,100.0
2716,27,16,15,15,100.0
2717,27,17,5,5,100.0
2718,27,18,9,9,100.0
2719,27,19,1,1,100.0
2720,27,20,4,4,100.0
2721,27,21,0,0,0.0
2722,27,22,0,0,0.0
2723,27,23,4,4,100.0
2724,27,24,1,1,100.0
2725,27,25,2,2,100.0
2726,27,26,0,0,0.0
2727,27,27,1,1,100.0
2728,27,28,22,22,100.0
2729,27,29,2,2,100.0
2730,27,30,2,2,100.0
2731,27,31,0,0,0.0
2732,27,32,15,15,100.0
2733,27,33,2,2,100.0
2734,27,34,0,0,0.0
2735,27,35,11,11,100.0
2736,27,36,2,2,100.0
2737,27,37,20,20,100.0
2738,27,38,25,25,100.0
2739,27,39,1,1,100.0
2740,27,40,0,0,0.0
2741,27,41,57,57,100.0
2742,27,42,12,12,100.0
2743,27,43,0,0,0.0
2744,27,44,0,0,0.0
2745,27,45,0,0,0.0
2746,27,46,1,1,100.0
2747,27,47,1,1,100.0
2748,27,48,0,0,0.0
2749,27,49,0,0,0.0
2750,27,50,25,25,100.0
2751,27,51,0,0,0.0
2752,27,52,1,1,100.0
2753,27,53,49,49,100.0
2754,27,54,17,17,100.0
2755,27,55,9,9,100.0
2756,27,56,26,26,100.0
2757,27,57,11,11,100.0
2758,27,58,25,25,100.0
2759,27,59,2,2,100.0
2801,28,1,1,1,100.0
2802,28,2,0,0,0.0
2803,28,3,0,0,0.0
2804,28,4,2,2,100.0
2805,28,5,0,0,0.0
2806,28,6,0,0,0.0
2807,28,7,4,4,100.0
2808,28,8,0,0,0.0
2809,28,9,0,0,0.0
2810,28,10,1,1,100.0
2811,28,11,1,1,100.0
2812,28,12,1,1,100.0
2813,28,13,0,0,0.0
2814,28,14,3,3,100.0
2815,28,15,0,0,0.0
2816,28,16,1,1,100.0
2817,28,17,1,1,100.0
2818,28,18,0,0,0.0
2819,28,19,0,0,0.0
2820,28,20,0,0,0.0
2821,28,21,1,1,100.0
2822,28,22,2,2,100.0
2823,28,23,1,1,100.0
2824,28,24,0,0,0.0
2825,28,25,0,0,0.0
2826,28,26,0,0,0.0
2827,28,27,0,0,0.0
2828,28,28,1,1,100.0
2829,28,29,1,1,100.0
2830,28,30,2,2,100.0
2831,28,31,1,1,100.0
2832,28,32,2,2,100.0
2833,28,33,0,0,0.0
2834,28,34,0,0,0.0
2835,28,35,0,0,0.0
2836,28,36,1,1,100.0
2837,28,37,2,2,100.0
2838,28,38,1,1,100.0
2839,28,39,0,0,0.0
2840,28,40,2,2,100.0
2841,28,41,1,1,100.0
2842,28,42,0,0,0.0
2843,28,43,0,0,0.0
2844,28,44,1,1,100.0
2845,28,45,0,0,0.0
2846,28,46,2,2,100.0
2847,28,47,11,11,100.0
2848,28,48,0,0,0.0
2849,28,49,2,2,100.0
2850,28,50,0,0,0.0
2851,28,51,0,0,0.0
2852,28,52,0,0,0.0
2853,28,53,2,2,100.0
2854,28,54,0,0,0.0
2855,28,55,0,0,0.0
2856,28,56,2,2,100.0
2857,28,57,2,2,100.0
2858,28,58,0,0,0.0
2859,28,59,0,0,0.0
2860,28,60,1,1,100.0
2861,28,61,0,0,0.0
2901,29,1,2,2,100.0
2902,29,2,9,9,100.0
2903,29,3,1,1,100.0
2904,29,4,1,1,100.0
2905,29,5,0,0,0.0
2906,29,6,6,6,100.0
2907,29,7,8,8,100.0
2908,29,8,1,1,100.0
2909,29,9,3,3,100.0
2910,29,10,0,0,0.0
2911,29,11,2,2,100.0
2912,29,12,3,3,100.0
2913,29,13,3,3,100.0
2914,29,14,2,2,100.0
2915,29,15,0,0,0.0
2916,29,16,1,1,100.0
2917,29,17,4,4,100.0
2918,29,18,0,0,0.0
2919,29,19,2,2,100.0
2920,29,20,3,3,100.0
2921,29,21,1,1,100.0
2922,29,22,6,6,100.0
2923,29,23,1,1,100.0
2924,29,24,1,1,100.0
2925,29,25,2,2,100.0
2926,29,26,3,3,100.0
2927,29,27,1,1,100.0
2928,29,28,1,1,100.0
2929,29,29,3,3,100.0
2930,29,30,5,5,100.0
2931,29,31,1,1,100.0
2932,29,32,2,2,100.0
2933,29,33,3,3,100.0
2934,29,34,8,8,100.0
2935,29,35,1,1,100.0
2936,29,36,0,0,0.0
2937,29,37,4,4,100.0
2938,29,38,2,2,100.0
2939,29,39,6,6,100.0
2940,29,40,0,0,0.0
2941,29,41,1,1,100.0
2942,29,42,0,0,0.0
2943,29,43,1,1,100.0
2944,29,44,3,3,100.0
2945,29,45,0,0,0.0
2946,29,46,1,1,100.0
2947,29,47,5,5,100.0
2948,29,48,1,1,100.0
2949,29,49,1,1,100.0
2950,29,50,1,1,100.0
2951,29,51,4,4,100.0
2952,29,52,10,10,100.0
2953,29,53,15,15,100.0
2954,29,54,4,4,100.0
2955,29,55,0,0,0.0
2956,29,56,0,0,0.0
3001,30,1,18,18,100.0
3002,30,2,22,22,100.0
3003,30,3,19,19,100.0
3004,30,4,7,7,100.0
3005,30,5,14,14,100.0
3006,30,6,7,7,100.0
3007,30,7,7,7,100.0
3008,30,8,11,11,100.0
3009,30,9,14,14,100.0
3010,30,10,11,11,100.0
3011,30,11,11,11,100.0
3012,30,12,27,27,100.0
3013,30,13,4,4,100.0
3014,30,14,13,13,100.0
3015,30,15,10,10,100.0
3016,30,16,9,9,100.0
3017,30,17,2,2,100.0
3018,30,18,7,7,100.0
3019,30,19,6,6,100.0
3020,30,20,3,3,100.0
3021,30,21,3,3,100.0
3022,30,22,14,14,100.0
3023,30,23,7,7,100.0
3024,30,24,0,0,0.0
3025,30,25,6,6,100.0
3026,30,26,5,5,100.0
3027,30,27,14,14,100.0
3028,30,28,21,21,100.0
3029,30,29,13,13,100.0
3030,30,30,9,9,100.0
3031,30,31,5,5,100.0
3032,30,32,18,18,100.0
3033,30,33,2,2,100.0
3034,30,34,19,19,100.0
3035,30,35,10,10,100.0
3036,30,36,16,16,100.0
3037,30,37,6,6,100.0
3038,30,38,7,7,100.0
3039,30,39,9,9,100.0
3040,30,40,11,11,100.0
3041,30,41,7,7,100.0
3042,30,42,1,1,100.0
3043,30,43,12,12,100.0
3044,30,44,23,23,100.0
3045,30,45,10,10,100.0
3101,31,1,3,3,100.0
3102,31,2,9,9,100.0
3103,31,3,14,14,100.0
3104,31,4,5,5,100.0
3105,31,5,3,3,100.0
3106,31,6,5,5,100.0
3107,31,7,7,7,100.0
3108,31,8,2,2,100.0
3109,31,9,2,2,100.0
3110,31,10,8,8,100.0
3111,31,11,6,6,100.0
3112,31,12,5,5,100.0
3113,31,13,3,3,100.0
3114,31,14,10,10,100.0
3115,31,15,1,1,100.0
3116,31,16,2,2,100.0
3117,31,17,3,3,100.0
3118,31,18,2,2,100.0
3119,31,19,2,2,100.0
3120,31,20,8,8,100.0
3121,31,21,5,5,100.0
3122,31,22,5,5,100.0
3123,31,23,7,7,100.0
3124,31,24,5,5,100.0
3125,31,25,4,4,100.0
3126,31,26,4,4,100.0
3127,31,27,3,3,100.0
3128,31,28,2,2,100.0
3129,31,29,3,3,100.0
3130,31,30,5,5,100.0
3131,31,31,11,11,100.0
3132,31,32,8,8,100.0
3133,31,33,11,11,100.0
3134,31,34,7,7,100.0
3135,31,35,5,5,100.0
3136,31,36,5,5,100.0
3137,31,37,7,7,100.0
3138,31,38,3,3,100.0
3139,31,39,4,4,100.0
3140,31,40,5,5,100.0
3141,31,41,1,1,100.0
3142,31,42,1,1,100.0
3143,31,43,5,5,100.0
3144,31,44,2,2,100.0
3145,31,45,2,2,100.0
3201,32,1,13,13,100.0
3202,32,2,9,9,100.0
3203,32,3,9,9,100.0
3204,32,4,22,22,100.0
3205,32,5,10,10,100.0
3206,32,6,11,11,100.0
3207,32,7,17,17,100.0
3208,32,8,34,34,100.0
3209,32,9,23,23,100.0
3210,32,10,14,14,100.0
3211,32,11,6,6,100.0
3212,32,12,4,4,100.0
3213,32,13,19,19,100.0
3214,32,14,8,8,100.0
3215,32,15,15,15,100.0
3216,32,16,11,11,100.0
3217,32,17,11,11,100.0
3218,32,18,22,22,100.0
3219,32,19,14,14,100.0
3220,32,20,12,12,100.0
3221,32,21,15,15,100.0
3222,32,22,24,24,100.0
3223,32,23,21,21,100.0
3224,32,24,19,19,100.0
3225,32,25,10,10,100.0
3226,32,26,11,11,100.0
3227,32,27,17,17,100.0
3228,32,28,13,13,100.0
3229,32,29,13,13,100.0
3230,32,30,14,14,100.0
3231,32,31,13,13,100.0
3232,32,32,31,31,100.0
3233,32,33,16,16,100.0
3234,32,34,16,16,100.0
3235,32,35,18,18,100.0
3236,32,36,25,25,100.0
3237,32,37,7,7,100.0
3238,32,38,23,23,100.0
3239,32,39,22,22,100.0
3240,32,40,23,23,100.0
3241,32,41,28,28,100.0
3242,32,42,18,18,100.0
3243,32,43,45,45,100.0
3244,32,44,9,9,100.0
3245,32,45,18,18,100.0
3246,32,46,5,5,100.0
3247,32,47,7,7,100.0
3248,32,48,30,30,100.0
3301,33,1,6,6,100.0
3302,33,2,11,11,100.0
3303,33,3,9,9,100.0
3304,33,4,10,10,100.0
3305,33,5,8,8,100.0
3306,33,6,4,4,100.0
3307,33,7,13,13,100.0
3308,33,8,8,8,100.0
3309,33,9,8,8,100.0
3310,33,10,23,23,100.0
3311,33,11,16,16,100.0
3312,33,12,8,8,100.0
3313,33,13,13,13,100.0
3314,33,14,8,8,100.0
3315,33,15,6,6,100.0
3316,33,16,14,14,100.0
3317,33,17,7,7,100.0
3318,33,18,10,10,100.0
3319,33,19,13,13,100.0
3320,33,20,10,10,100.0
3321,33,21,10,10,100.0
3322,33,22,10,10,100.0
3323,33,23,8,8,100.0
3324,33,24,21,21,100.0
3325,33,25,15,15,100.0
3326,33,26,8,8,100.0
3327,33,27,7,7,100.0
3328,33,28,10,10,100.0
3329,33,29,8,8,100.0
3330,33,30,11,11,100.0
3331,33,31,16,16,100.0
3332,33,32,5,5,100.0
3333,33,33,16,16,100.0
3334,33,34,11,11,100.0
3335,33,35,9,9,100.0
3336,33,36,10,10,100.0
3337,33,37,8,8,100.0
3338,33,38,18,18,100.0
3401,34,1,0,0,0.0
3402,34,2,0,0,0.0
3403,34,3,2,2,100.0
3404,34,4,2,2,100.0
3405,34,5,1,1,100.0
3406,34,6,1,1,100.0
3407,34,7,2,2,100.0
3408,34,8,2,2,100.0
3409,34,9,2,2,100.0
3410,34,10,1,1,100.0
3411,34,11,1,1,100.0
3412,34,12,1,1,100.0
3413,34,13,3,3,100.0
3414,34,14,3,3,100.0
3415,34,15,0,0,0.0
3416,34,16,0,0,0.0
3417,34,17,1,1,100.0
3418,34,18,1,1,100.0
3419,34,19,0,0,0.0
3420,34,20,0,0,0.0
3421,34,21,2,2,100.0
3422,34,22,0,0,0.0
3423,34,23,1,1,100.0
3424,34,24,0,0,0.0
3425,34,25,0,0,0.0
3426,34,26,2,2,100.0
3427,34,27,1,1,100.0
3428,34,28,0,0,0.0
3429,34,29,3,3,100.0
3430,34,30,2,2,100.0
3431,34,31,0,0,0.0
3432,34,32,3,3,100.0
3433,34,33,0,0,0.0
3434,34,34,3,3,100.0
3435,34,35,2,2,100.0
3436,34,36,4,4,100.0
3437,34,37,0,0,0.0
3438,34,38,1,1,100.0
3439,34,39,2,2,100.0
3440,34,40,1,1,100.0
3441,34,41,3,3,100.0
3442,34,42,1,1,100.0
3443,34,43,3,3,100.0
3444,34,44,0,0,0.0
3445,34,45,2,2,100.0
3446,34,46,0,0,0.0
3447,34,47,0,0,0.0
3448,34,48,0,0,0.0
3449,34,49,3,3,100.0
3450,34,50,1,1,100.0
3451,34,51,2,2,100.0
3452,34,52,1,1,100.0
3453,34,53,1,1,100.0
3454,34,54,3,3,100.0
3455,34,55,1,1,100.0
3456,34,56,2,2,100.0
3457,34,57,1,1,100.0
3458,34,58,1,1,100.0
3459,34,59,2,2,100.0
3460,34,60,1,1,100.0
3461,34,61,1,1,100.0
3501,35,1,14,14,100.0
3502,35,2,9,9,100.0
3503,35,3,5,5,100.0
3504,35,4,9,9,100.0
3505,35,5,13,13,100.0
3506,35,6,18,18,100.0
3507,35,7,14,14,100.0
3508,35,8,3,3,100.0
3509,35,9,10,10,100.0
3510,35,10,5,5,100.0
3511,35,11,5,5,100.0
3512,35,12,6,6,100.0
3513,35,13,14,14,100.0
3514,35,14,13,13,100.0
3515,35,15,10,10,100.0
3516,35,16,3,3,100.0
3517,35,17,9,9,100.0
3518,35,18,3,3,100.0
3519,35,19,16,16,100.0
3520,35,20,3,3,100.0
3521,35,21,17,17,100.0
3522,35,22,1,1,100.0
3523,35,23,8,8,100.0
3524,35,24,5,5,100.0
3525,35,25,8,8,100.0
3526,35,26,13,13,100.0
3527,35,27,5,5,100.0
3528,35,28,5,5,100.0
3529,35,29,4,4,100.0
3530,35,30,15,15,100.0
3531,35,31,4,4,100.0
3532,35,32,2,2,100.0
3533,35,33,15,15,100.0
3534,35,34,7,7,100.0
3535,35,35,3,3,100.0
3601,36,1,23,23,100.0
3602,36,2,10,10,100.0
3603,36,3,8,8,100.0
3604,36,4,4,4,100.0
3605,36,5,15,15,100.0
3606,36,6,8,8,100.0
3607,36,7,27,27,100.0
3608,36,8,25,25,100.0
3609,36,9,30,30,100.0
3610,36,10,12,12,100.0
3611,36,11,14,14,100.0
3612,36,12,29,29,100.0
3613,36,13,17,17,100.0
3614,36,14,15,15,100.0
3615,36,15,17,17,100.0
3616,36,16,15,15,100.0
3617,36,17,13,13,100.0
3618,36,18,18,18,100.0
3619,36,19,10,10,100.0
3620,36,20,9,9,100.0
3621,36,21,15,15,100.0
3622,36,22,20,20,100.0
3623,36,23,4,4,100.0
3624,36,24,6,6,100.0
3625,36,25,12,12,100.0
3626,36,26,4,4,100.0
3627,36,27,21,21,100.0
3628,36,28,22,22,100.0
3629,36,29,16,16,100.0
3630,36,30,25,25,100.0
3631,36,31,20,20,100.0
3632,36,32,12,12,100.0
3633,36,33,14,14,100.0
3634,36,34,17,17,100.0
3635,36,35,16,16,100.0
3636,36,36,8,8,100.0
3637,36,37,21,21,100.0
3638,36,38,11,11,100.0
3639,36,39,14,14,100.0
3640,36,40,11,11,100.0
3641,36,41,9,9,100.0
3642,36,42,15,15,100.0
3643,36,43,0,0,0.0
3644,36,44,13,13,100.0
3645,36,45,12,12,100.0
3646,36,46,22,22,100.0
3647,36,47,7,7,100.0
3648,36,48,19,19,100.0
3649,36,49,25,25,100.0
3650,36,50,10,10,100.0
3651,36,51,11,11,100.0
3652,36,52,11,11,100.0
3653,36,53,15,15,100.0
3654,36,54,6,6,100.0
3655,36,55,5,5,100.0
3656,36,56,15,15,100.0
3701,37,1,0,0,0.0
3702,37,2,4,4,100.0
3703,37,3,1,1,100.0
3704,37,4,1,1,100.0
3705,37,5,2,2,100.0
3706,37,6,2,2,100.0
3707,37,7,0,0,0.0
3708,37,8,1,1,100.0
3709,37,9,1,1,100.0
3710,37,10,3,3,100.0
3711,37,11,1,1,100.0
3712,37,12,5,5,100.0
3713,37,13,4,4,100.0
3714,37,14,1,1,100.0
3715,37,15,3,3,100.0
3716,37,16,2,2,100.0
3717,37,17,1,1,100.0
3718,37,18,1,1,100.0
3719,37,19,3,3,100.0
3720,37,20,1,1,100.0
3721,37,21,0,0,0.0
3722,37,22,1,1,100.0
3723,37,23,0,0,0.0
3724,37,24,0,0,0.0
3725,37,25,4,4,100.0
3726,37,26,1,1,100.0
3727,37,27,1,1,100.0
3728,37,28,4,4,100.0
3729,37,29,0,0,0.0
3730,37,30,2,2,100.0
3731,37,31,3,3,100.0
3732,37,32,1,1,100.0
3733,37,33,1,1,100.0
3734,37,34,1,1,100.0
3735,37,35,0,0,0.0
3736,37,36,0,0,0.0
3737,37,37,2,2,100.0
3738,37,38,0,0,0.0
3739,37,39,0,0,0.0
3740,37,40,1,1,100.0
3741,37,41,0,0,0.0
3742,37,42,0,0,0.0
3743,37,43,0,0,0.0
3744,37,44,4,4,100.0
3745,37,45,1,1,100.0
3746,37,46,1,1,100.0
3747,37,47,0,0,0.0
3748,37,48,0,0,0.0
3749,37,49,2,2,100.0
3750,37,50,1,1,100.0
3751,37,51,1,1,100.0
3801,38,1,9,9,100.0
3802,38,2,10,10,100.0
3803,38,3,29,29,100.0
3804,38,4,13,13,100.0
3805,38,5,13,13,100.0
3806,38,6,9,9,100.0
3807,38,7,17,17,100.0
3808,38,8,35,35,100.0
3809,38,9,18,18,100.0
3810,38,10,21,21,100.0
3811,38,11,16,16,100.0
3812,38,12,7,7,100.0
3813,38,13,15,15,100.0
3814,38,14,26,26,100.0
3815,38,15,4,4,100.0
3816,38,16,15,15,100.0
3817,38,17,8,8,100.0
3818,38,18,30,30,100.0
3819,38,19,18,18,100.0
3820,38,20,26,26,100.0
3821,38,21,26,26,100.0
3822,38,22,20,20,100.0
3823,38,23,14,14,100.0
3824,38,24,5,5,100.0
3825,38,25,10,10,100.0
3826,38,26,13,13,100.0
3827,38,27,16,16,100.0
3828,38,28,19,19,100.0
3829,38,29,10,10,100.0
3830,38,30,9,9,100.0
3831,38,31,12,12,100.0
3832,38,32,39,39,100.0
3833,38,33,16,16,100.0
3834,38,34,9,9,100.0
3835,38,35,18,18,100.0
3836,38,36,9,9,100.0
3837,38,37,19,19,100.0
3838,38,38,26,26,100.0
3839,38,39,21,21,100.0
3840,38,40,17,17,100.0
3841,38,41,26,26,100.0
3842,38,42,21,21,100.0
3843,38,43,14,14,100.0
3844,38,44,19,19,100.0
3845,38,45,20,20,100.0
3846,38,46,23,23,100.0
3847,38,47,12,12,100.0
3848,38,48,15,15,100.0
3849,38,49,19,19,100.0
3850,38,50,21,21,100.0
3851,38,51,8,8,100.0
3852,38,52,16,16,100.0
3853,38,53,9,9,100.0
3854,38,54,16,16,100.0
3855,38,55,26,26,100.0
3856,38,56,18,18,100.0
3901,39,1,19,19,100.0
3902,39,2,14,14,100.0
3903,39,3,20,20,100.0
3904,39,4,12,12,100.0
3905,39,5,13,13,100.0
3906,39,6,31,31,100.0
3907,39,7,21,21,100.0
3908,39,8,9,9,100.0
3909,39,9,25,25,100.0
3910,39,10,15,15,100.0
3911,39,11,15,15,100.0
3912,39,12,3,3,100.0
3913,39,13,4,4,100.0
3914,39,14,19,19,100.0
3915,39,15,13,13,100.0
3916,39,16,16,16,100.0
3917,39,17,13,13,100.0
3918,39,18,17,17,100.0
3919,39,19,15,15,100.0
3920,39,20,25,25,100.0
3921,39,21,7,7,100.0
3922,39,22,9,9,100.0
3923,39,23,13,13,100.0
3924,39,24,6,6,100.0
3925,39,25,5,5,100.0
3926,39,26,24,24,100.0
3927,39,27,13,13,100.0
3928,39,28,21,21,100.0
3929,39,29,8,8,100.0
3930,39,30,12,12,100.0
3931,39,31,7,7,100.0
3932,39,32,6,6,100.0
3933,39,33,18,18,100.0
3934,39,34,12,12,100.0
3935,39,35,15,15,100.0
3936,39,36,17,17,100.0
3937,39,37,36,36,100.0
3938,39,38,28,28,100.0
3939,39,39,7,7,100.0
3940,39,40,18,18,100.0
3941,39,41,3,3,100.0
3942,39,42,19,19,100.0
3943,39,43,30,30,100.0
3944,39,44,16,16,100.0
3945,39,45,23,23,100.0
3946,39,46,14,14,100.0
3947,39,47,19,19,100.0
3948,39,48,19,19,100.0
3949,39,49,3,3,100.0
3950,39,50,20,20,100.0
4001,40,1,11,11,100.0
4002,40,2,9,9,100.0
4003,40,3,9,9,100.0
4004,40,4,16,16,100.0
4005,40,5,10,10,100.0
4006,40,6,11,11,100.0
4007,40,7,12,12,100.0
4008,40,8,15,15,100.0
4009,40,9,8,8,100.0
4010,40,10,15,15,100.0
4011,40,11,3,3,100.0
4012,40,12,9,9,100.0
4013,40,13,10,10,100.0
4014,40,14,14,14,100.0
4015,40,15,15,15,100.0
4016,40,16,9,9,100.0
4017,40,17,8,8,100.0
4018,40,18,16,16,100.0
4019,40,19,23,23,100.0
4020,40,20,12,12,100.0
4021,40,21,9,9,100.0
4022,40,22,8,8,100.0
4023,40,23,8,8,100.0
4024,40,24,12,12,100.0
4025,40,25,8,8,100.0
4026,40,26,8,8,100.0
4027,40,27,12,12,100.0
4028,40,28,20,20,100.0
4029,40,29,14,14,100.0
4030,40,30,9,9,100.0
4031,40,31,24,24,100.0
4032,40,32,19,19,100.0
4033,40,33,18,18,100.0
4034,40,34,10,10,100.0
4035,40,35,17,17,100.0
4036,40,36,22,22,100.0
4037,40,37,18,18,100.0
4038,40,38,6,6,100.0
4039,40,39,26,26,100.0
4040,40,40,14,14,100.0
4041,40,41,18,18,100.0
4042,40,42,18,18,100.0
4043,40,43,10,10,100.0
4044,40,44,13,13,100.0
4045,40,45,24,24,100.0
4046,40,46,14,14,100.0
4047,40,47,3,3,100.0
4101,41,1,24,24,100.0
4102,41,2,46,46,100.0
4103,41,3,22,22,100.0
4104,41,4,33,33,100.0
4105,41,5,35,35,100.0
4106,41,6,37,37,100.0
4107,41,7,39,39,100.0
4108,41,8,32,32,100.0
4109,41,9,19,19,100.0
4110,41,10,24,24,100.0
4111,41,11,39,39,100.0
4112,41,12,29,29,100.0
4113,41,13,15,15,100.0
4114,41,14,26,26,100.0
4115,41,15,16,16,100.0
4116,41,16,30,30,100.0
4117,41,17,30,30,100.0
4118,41,18,40,40,100.0
4119,41,19,30,30,100.0
4120,41,20,52,52,100.0
4121,41,21,36,36,100.0
4122,41,22,23,23,100.0
4123,41,23,21,21,100.0
4124,41,24,25,25,100.0
4125,41,25,21,21,100.0
4126,41,26,23,23,100.0
4127,41,27,13,13,100.0
4128,41,28,16,16,100.0
4129,41,29,20,20,100.0
4130,41,30,27,27,100.0
4131,41,31,53,53,100.0
4132,41,32,25,25,100.0
4133,41,33,38,38,100.0
4134,41,34,43,43,100.0
4135,41,35,37,37,100.0
4136,41,36,32,32,100.0
4137,41,37,74,74,100.0
4138,41,38,24,24,100.0
4139,41,39,35,35,100.0
4140,41,40,23,23,100.0
4141,41,41,29,29,100.0
4142,41,42,26,26,100.0
4143,41,43,24,24,100.0
4144,41,44,32,32,100.0
4145,41,45,25,25,100.0
4146,41,46,17,17,100.0
4147,41,47,28,28,100.0
4148,41,48,28,28,100.0
4149,41,49,19,19,100.0
4150,41,50,20,20,100.0
4151,41,51,17,17,100.0
4152,41,52,36,36,100.0
4153,41,53,55,55,100.0
4154,41,54,20,20,100.0
4155,41,55,36,36,100.0
4156,41,56,49,49,100.0
4157,41,57,49,49,100.0
4158,41,58,22,22,100.0
4159,41,59,27,27,100.0
4160,41,60,22,22,100.0
4161,41,61,24,24,100.0
4162,41,62,28,28,100.0
4163,41,63,29,29,100.0
4164,41,64,57,57,100.0
4165,41,65,30,30,100.0
4166,41,66,25,25,100.0
4201,42,1,35,35,100.0
4202,42,2,29,29,100.0
4203,42,3,28,28,100.0
4204,42,4,48,48,100.0
4205,42,5,30,30,100.0
4206,42,6,61,61,100.0
4207,42,7,22,22,100.0
4208,42,8,45,45,100.0
4209,42,9,37,37,100.0
4210,42,10,26,26,100.0
4211,42,11,41,41,100.0
4212,42,12,15,15,100.0
4213,42,13,62,62,100.0
4214,42,14,37,37,100.0
4215,42,15,24,24,100.0
4216,42,16,56,56,100.0
4217,42,17,15,15,100.0
4218,42,18,33,33,100.0
4219,42,19,45,45,100.0
4220,42,20,22,22,100.0
4221,42,21,4,4,100.0
4222,42,22,24,24,100.0
4223,42,23,48,48,100.0
4224,42,24,39,39,100.0
4225,42,25,37,37,100.0
4226,42,26,29,29,100.0
4227,42,27,33,33,100.0
4228,42,28,42,42,100.0
4229,42,29,38,38,100.0
4230,42,30,47,47,100.0
4231,42,31,21,21,100.0
4232,42,32,14,14,100.0
4233,42,33,44,44,100.0
4234,42,34,40,40,100.0
4235,42,35,26,26,100.0
4236,42,36,51,51,100.0
4237,42,37,37,37,100.0
4238,42,38,33,33,100.0
4239,42,39,20,20,100.0
4240,42,40,12,12,100.0
4241,42,41,39,39,100.0
4242,42,42,25,25,100.0
4243,42,43,61,61,100.0
4244,42,44,56,56,100.0
4245,42,45,27,27,100.0
4246,42,46,14,14,100.0
4247,42,47,26,26,100.0
4248,42,48,12,12,100.0
4249,42,49,15,15,100.0
4250,42,50,41,41,100.0
4251,42,51,37,37,100.0
4252,42,52,17,17,100.0
4253,42,53,38,38,100.0
4254,42,54,24,24,100.0
4255,42,55,44,44,100.0
4256,42,56,25,25,100.0
4257,42,57,21,21,100.0
4258,42,58,21,21,100.0
4259,42,59,13,13,100.0
4260,42,60,10,10,100.0
4261,42,61,30,30,100.0
4262,42,62,28,28,100.0
4263,42,63,44,44,100.0
4264,42,64,18,18,100.0
4265,42,65,32,32,100.0
4266,42,66,18,18,100.0
4267,42,67,6,6,100.0
4268,42,68,26,26,100.0
4301,43,1,26,26,100.0
4302,43,2,16,16,100.0
4303,43,3,15,15,100.0
4304,43,4,34,34,100.0
4305,43,5,25,25,100.0
4306,43,6,21,21,100.0
4307,43,7,17,17,100.0
4308,43,8,20,20,100.0
4309,43,9,14,14,100.0
4310,43,10,23,23,100.0
4311,43,11,25,25,100.0
4312,43,12,34,34,100.0
4313,43,13,14,14,100.0
4314,43,14,23,23,100.0
4315,43,15,20,20,100.0
4316,43,16,27,27,100.0
4317,43,17,28,28,100.0
4318,43,18,47,47,100.0
4319,43,19,19,19,100.0
4320,43,20,24,24,100.0
4321,43,21,22,22,100.0
4322,43,22,12,12,100.0
4323,43,23,17,17,100.0
4324,43,24,35,35,100.0
4325,43,25,16,16,100.0
4326,43,26,35,35,100.0
4327,43,27,31,31,100.0
4328,43,28,23,23,100.0
4329,43,29,20,20,100.0
4330,43,30,18,18,100.0
4331,43,31,34,34,100.0
4332,43,32,24,24,100.0
4333,43,33,25,25,100.0
4334,43,34,17,17,100.0
4335,43,35,18,18,100.0
4336,43,36,32,32,100.0
4337,43,37,32,32,100.0
4338,43,38,21,21,100.0
4339,43,39,16,16,100.0
4340,43,40,18,18,100.0
4341,43,41,23,23,100.0
4342,43,42,28,28,100.0
4343,43,43,32,32,100.0
4344,43,44,37,37,100.0
4345,43,45,20,20,100.0
4346,43,46,35,35,100.0
4347,43,47,22,22,100.0
4348,43,48,29,29,100.0
4349,43,49,16,16,100.0
4350,43,50,15,15,100.0
4351,43,51,17,17,100.0
4352,43,52,35,35,100.0
4353,43,53,33,33,100.0
4354,43,54,17,17,100.0
4355,43,55,10,10,100.0
4356,43,56,13,13,100.0
4357,43,57,8,8,100.0
4358,43,58,15,15,100.0
4359,43,59,27,27,100.0
4360,43,60,19,19,100.0
4401,44,1,32,32,100.0
4402,44,2,15,15,100.0
4403,44,3,21,21,100.0
4404,44,4,29,29,100.0
4405,44,5,38,38,100.0
4406,44,6,31,31,100.0
4407,44,7,35,35,100.0
4408,44,8,32,32,100.0
4409,44,9,30,30,100.0
4410,44,10,19,19,100.0
4411,44,11,24,24,100.0
4412,44,12,26,26,100.0
4413,44,13,26,26,100.0
4414,44,14,22,22,100.0
4415,44,15,16,16,100.0
4416,44,16,15,15,100.0
4417,44,17,24,24,100.0
4418,44,18,8,8,100.0
4419,44,19,14,14,100.0
4420,44,20,30,30,100.0
4421,44,21,20,20,100.0
4422,44,22,18,18,100.0
4423,44,23,18,18,100.0
4424,44,24,23,23,100.0
4425,44,25,16,16,100.0
4426,44,26,20,20,100.0
4427,44,27,33,33,100.0
4428,44,28,16,16,100.0
4429,44,29,22,22,100.0
4430,44,30,14,14,100.0
4431,44,31,33,33,100.0
4432,44,32,8,8,100.0
4433,44,33,13,13,100.0
4434,44,34,29,29,100.0
4435,44,35,26,26,100.0
4436,44,36,16,16,100.0
4437,44,37,19,19,100.0
4438,44,38,34,34,100.0
4439,44,39,35,35,100.0
4440,44,40,23,23,100.0
4441,44,41,23,23,100.0
4442,44,42,22,22,100.0
4443,44,43,19,19,100.0
4444,44,44,15,15,100.0
4445,44,45,7,7,100.0
4446,44,46,21,21,100.0
4447,44,47,30,30,100.0
4448,44,48,17,17,100.0
4449,44,49,22,22,100.0
4450,44,50,22,22,100.0
4501,45,1,15,15,100.0
4502,45,2,16,16,100.0
4503,45,3,15,15,100.0
4504,45,4,32,32,100.0
4505,45,5,24,24,100.0
4506,45,6,22,22,100.0
4507,45,7,20,20,100.0
4508,45,8,22,22,100.0
4509,45,9,24,24,100.0
4510,45,10,30,30,100.0
4511,45,11,16,16,100.0
4512,45,12,15,15,100.0
4513,45,13,15,15,100.0
4514,45,14,26,26,100.0
4515,45,15,25,25,100.0
4516,45,16,13,13,100.0
4517,45,17,17,17,100.0
4518,45,18,9,9,100.0
4519,45,19,16,16,100.0
4520,45,20,18,18,100.0
4521,45,21,28,28,100.0
4522,45,22,20,20,100.0
4523,45,23,20,20,100.0
4524,45,24,41,41,100.0
4525,45,25,12,12,100.0
4526,45,26,17,17,100.0
4527,45,27,19,19,100.0
4528,45,28,16,16,100.0
4529,45,29,18,18,100.0
4530,45,30,19,19,100.0
4531,45,31,17,17,100.0
4532,45,32,16,16,100.0
4533,45,33,32,32,100.0
4534,45,34,9,9,100.0
4535,45,35,25,25,100.0
4536,45,36,24,24,100.0
4537,45,37,15,15,100.0
4538,45,38,27,27,100.0
4539,45,39,28,28,100.0
4540,45,40,12,12,100.0
4541,45,41,14,14,100.0
4542,45,42,11,11,100.0
4543,45,43,15,15,100.0
4544,45,44,23,23,100.0
4545,45,45,15,15,100.0
4546,45,46,14,14,100.0
4547,45,47,30,30,100.0
4548,45,48,13,13,100.0
4549,45,49,24,24,100.0
4550,45,50,16,16,100.0
4551,45,51,26,26,100.0
4552,45,52,20,20,100.0
4553,45,53,21,21,100.0
4554,45,54,24,24,100.0
4555,45,55,29,29,100.0
4556,45,56,17,17,100.0
4557,45,57,27,27,100.0
4558,45,58,23,23,100.0
4601,46,1,39,39,100.0
4602,46,2,17,17,100.0
4603,46,3,18,18,100.0
4604,46,4,14,14,100.0
4605,46,5,24,24,100.0
4606,46,6,7,7,100.0
4607,46,7,31,31,100.0
4608,46,8,10,10,100.0
4609,46,9,16,16,100.0
4610,46,10,21,21,100.0
4611,46,11,7,7,100.0
4612,46,12,11,11,100.0
4613,46,13,38,38,100.0
4614,46,14,6,6,100.0
4615,46,15,24,24,100.0
4616,46,16,21,21,100.0
4617,46,17,23,23,100.0
4618,46,18,18,18,100.0
4619,46,19,18,18,100.0
4620,46,20,10,10,100.0
4621,46,21,8,8,100.0
4622,46,22,23,23,100.0
4623,46,23,7,7,100.0
4624,46,24,10,10,100.0
4625,46,25,15,15,100.0
4626,46,26,17,17,100.0
4627,46,27,30,30,100.0
4628,46,28,26,26,100.0
4629,46,29,15,15,100.0
4630,46,30,34,34,100.0
4631,46,31,19,19,100.0
4632,46,32,13,13,100.0
4633,46,33,23,23,100.0
4634,46,34,9,9,100.0
4635,46,35,23,23,100.0
4636,46,36,34,34,100.0
4637,46,37,16,16,100.0
4638,46,38,17,17,100.0
4639,46,39,24,24,100.0
4701,47,1,4,4,100.0
4702,47,2,11,11,100.0
4703,47,3,7,7,100.0
4704,47,4,18,18,100.0
4705,47,5,15,15,100.0
4706,47,6,10,10,100.0
4707,47,7,15,15,100.0
4708,47,8,21,21,100.0
4709,47,9,17,17,100.0
4710,47,10,11,11,100.0
4711,47,11,17,17,100.0
4712,47,12,13,13,100.0
4713,47,13,15,15,100.0
4714,47,14,8,8,100.0
4715,47,15,14,14,100.0
4716,47,16,6,6,100.0
4717,47,17,12,12,100.0
4718,47,18,6,6,100.0
4719,47,19,14,14,100.0
4720,47,20,17,17,100.0
4721,47,21,11,11,100.0
4722,47,22,7,7,100.0
4723,47,23,6,6,100.0
4724,47,24,4,4,100.0
4725,47,25,14,14,100.0
4726,47,26,24,24,100.0
4727,47,27,11,11,100.0
4728,47,28,14,14,100.0
4729,47,29,23,23,100.0
4730,47,30,11,11,100.0
4731,47,31,20,20,100.0
4732,47,32,14,14,100.0
4733,47,33,7,7,100.0
4734,47,34,16,16,100.0
4735,47,35,20,20,100.0
4736,47,36,12,12,100.0
4737,47,37,20,20,100.0
4738,47,38,8,8,100.0
4739,47,39,17,17,100.0
4740,47,40,3,3,100.0
4741,47,41,13,13,100.0
4742,47,42,9,9,100.0
4743,47,43,22,22,100.0
4744,47,44,13,13,100.0
4745,47,45,12,12,100.0
4801,48,1,15,15,100.0
4802,48,2,28,28,100.0
4803,48,3,20,20,100.0
4804,48,4,33,33,100.0
4805,48,5,21,21,100.0
4806,48,6,7,7,100.0
4807,48,7,12,12,100.0
4808,48,8,14,14,100.0
4809,48,9,21,21,100.0
4810,48,10,10,10,100.0
4811,48,11,15,15,100.0
4812,48,12,16,16,100.0
4813,48,13,16,16,100.0
4814,48,14,23,23,100.0
4815,48,15,6,6,100.0
4816,48,16,8,8,100.0
4817,48,17,12,12,100.0
4818,48,18,15,15,100.0
4819,48,19,14,14,100.0
4820,48,20,17,17,100.0
4821,48,21,4,4,100.0
4822,48,22,40,40,100.0
4823,48,23,26,26,100.0
4824,48,24,17,17,100.0
4825,48,25,14,14,100.0
4826,48,26,14,14,100.0
4827,48,27,11,11,100.0
4828,48,28,19,19,100.0
4829,48,29,20,20,100.0
4830,48,30,12,12,100.0
4831,48,31,12,12,100.0
4832,48,32,18,18,100.0
4833,48,33,19,19,100.0
4834,48,34,17,17,100.0
4835,48,35,12,12,100.0
4836,48,36,20,20,100.0
4837,48,37,17,17,100.0
4838,48,38,10,10,100.0
4839,48,39,24,24,100.0
4840,48,40,15,15,100.0
4841,48,41,13,13,100.0
4842,48,42,17,17,100.0
4843,48,43,13,13,100.0
4844,48,44,13,13,100.0
4845,48,45,8,8,100.0
4846,48,46,11,11,100.0
4847,48,47,8,8,100.0
4848,48,48,11,11,100.0
4901,49,1,2,2,100.0
4902,49,2,20,20,100.0
4903,49,3,7,7,100.0
4904,49,4,7,7,100.0
4905,49,5,15,15,100.0
4906,49,6,11,11,100.0
4907,49,7,8,8,100.0
4908,49,8,11,11,100.0
4909,49,9,7,7,100.0
4910,49,10,12,12,100.0
4911,49,11,11,11,100.0
4912,49,12,16,16,100.0
4913,49,13,11,11,100.0
4914,49,14,18,18,100.0
4915,49,15,8,8,100.0
4916,49,16,15,15,100.0
4917,49,17,8,8,100.0
4918,49,18,5,5,100.0
4919,49,19,7,7,100.0
4920,49,20,23,23,100.0
4921,49,21,9,9,100.0
4922,49,22,16,16,100.0
4923,49,23,16,16,100.0
4924,49,24,10,10,100.0
4925,49,25,12,12,100.0
4926,49,26,17,17,100.0
4927,49,27,9,9,100.0
4928,49,28,10,10,100.0
4929,49,29,5,5,100.0
4930,49,30,2,2,100.0
4931,49,31,12,12,100.0
4932,49,32,10,10,100.0
4933,49,33,9,9,100.0
4934,49,34,6,6,100.0
4935,49,35,11,11,100.0
4936,49,36,6,6,100.0
4937,49,37,12,12,100.0
5001,50,1,15,15,100.0
5002,50,2,12,12,100.0
5003,50,3,10,10,100.0
5004,50,4,15,15,100.0
5005,50,5,9,9,100.0
5006,50,6,13,13,100.0
5007,50,7,21,21,100.0
5008,50,8,27,27,100.0
5009,50,9,23,23,100.0
5010,50,10,4,4,100.0
5011,50,11,11,11,100.0
5012,50,12,6,6,100.0
5013,50,13,14,14,100.0
5014,50,14,5,5,100.0
5015,50,15,22,22,100.0
5016,50,16,6,6,100.0
5017,50,17,12,12,100.0
5018,50,18,11,11,100.0
5019,50,19,13,13,100.0
5020,50,20,25,25,100.0
5021,50,21,22,22,100.0
5022,50,22,15,15,100.0
5023,50,23,10,10,100.0
5024,50,24,15,15,100.0
5025,50,25,15,15,100.0
5026,50,26,8,8,100.0
5027,50,27,6,6,100.0
5028,50,28,19,19,100.0
5029,50,29,19,19,100.0
5030,50,30,12,12,100.0
5031,50,31,1,1,100.0
5032,50,32,11,11,100.0
5033,50,33,11,11,100.0
5034,50,34,13,13,100.0
5035,50,35,21,21,100.0
5036,50,36,17,17,100.0
5037,50,37,22,22,100.0
5038,50,38,8,8,100.0
5039,50,39,9,9,100.0
5040,50,40,10,10,100.0
5041,50,41,10,10,100.0
5042,50,42,12,12,100.0
5043,50,43,11,11,100.0
5044,50,44,12,12,100.0
5045,50,45,12,12,100.0
5046,50,46,6,6,100.0
